BSQ0
  +0.0000000000e+00, +4.6494977072e+01, -5.2099962525e+00, +2.2601900708e-01,
  +6.4326772569e-02, +1.5616995503e-02, -1.7243708991e-03
BSQ1
  +8.0189615746e+02, +8.6672408165e+02, -1.7864682637e+03, +2.0375295546e+03,
  -1.2849161071e+03, +4.3227585684e+02, -6.0579916612e+01, +2.6010145068e+01,
  -6.5281885265e+01, +8.1770425108e+01, -5.6888046321e+01, +1.7681814114e+01,
  -1.9193502195e+00, -3.7074170417e+01, +6.1548258127e+01, -6.0362551501e+01,
  +2.9130021253e+01, -5.4723692739e+00, +2.1661789529e+01, -3.3449108469e+01,
  +1.9717078466e+01, -3.1742946532e+00, -8.3627885467e+00, +1.1311538584e+01,
  -5.3563304045e+00, +5.4048723791e-01, +4.8169980163e-01, -1.9083568888e-01,
  +1.9681925209e+01, -4.2549998214e+01, +5.0774768218e+01, -3.0938076334e+01,
  +6.6051753097e+00, -1.3336301113e+01, -4.4870114575e+00, +5.0042598061e+00,
  -6.5399043664e-01, +6.7080479603e+00, +3.5063081279e+00, -1.8795372996e+00,
  -2.4649669534e+00, -5.5077101279e-01, +5.5927935970e-01, +2.0660924175e+00,
  -4.9527603989e+00, +2.5019633244e+00, +2.0564311499e+00, -2.1311365518e-01,
  -1.2419983026e+00, -2.3342758797e-02, -1.8507636718e-02, +3.7969820455e-01
STIF0
  +1.0000000000e+00, +4.5238001132e-02, -5.0691457704e-03, +2.1990865986e-04,
  +6.2587720090e-05, +1.5194795322e-05, -1.6777531159e-06
STIF1
  +8.0185969881e+02, +8.6694399997e+02, -1.7869886805e+03, +2.0381548497e+03,
  -1.2853207957e+03, +4.3240996619e+02, -6.0597695001e+01, +2.6018938392e+01,
  -6.5349779146e+01, +8.1938301569e+01, -5.7075042739e+01, +1.7778970855e+01,
  -1.9385269480e+00, -3.7047586837e+01, +6.1469677558e+01, -6.0273564480e+01,
  +2.9086147388e+01, -5.4641145446e+00, +2.1645370860e+01, -3.3415215649e+01,
  +1.9694119706e+01, -3.1710494147e+00, -8.3587258634e+00, +1.1301873278e+01,
  -5.3494903247e+00, +5.4258499460e-01, +4.7964098705e-01, -1.9098981559e-01,
  +2.1989266031e+01, -4.2043785414e+01, +4.8565183521e+01, -3.0473875108e+01,
  +6.5025796369e+00, -1.3731593003e+01, -4.3667263842e+00, +5.2899298884e+00,
  -7.1323826203e-01, +7.4843325711e+00, +3.1442996192e+00, -1.8141771987e+00,
  -2.6010182316e+00, -4.9866739215e-01, +5.5882364387e-01, +1.1144125393e+00,
  -4.5413502768e+00, +2.7242121539e+00, +2.8508446713e+00, -4.4471361300e-01,
  -1.5059302816e+00, +1.9817079368e-01, -1.7905369937e-01, +2.5254165600e-01
CMP
  +0.0000000000e+00, -4.4015007269e-05, +6.9232335784e-06, -7.5004675975e-07,
  +1.7009109288e-08, -1.6884162004e-08, +1.9613503930e-09
C55
  +1.0772899069e-03, -3.1263658781e-04, +6.7615860683e-04, -8.6127884515e-04,
  +5.9010812596e-04, -2.1503943538e-04, +3.2678954455e-05, -1.4949652640e-05,
  +3.1866349188e-05, -3.8070687610e-05, +2.9818473563e-05, -1.0011321965e-05,
  +1.0751931163e-06, +2.7546851539e-05, -3.6597334199e-05, +3.4489154625e-05,
  -1.7663254122e-05, +3.5965131935e-06, -1.6506828994e-05, +2.4412359055e-05,
  -1.4606740723e-05, +2.3293406656e-06, +6.7896174634e-06, -8.7951832993e-06,
  +4.4249040774e-06, -7.2535743349e-07, -3.4680559205e-07, +1.9041365570e-07,
  -1.6889436589e-05, +2.1106556158e-05, -2.1322804368e-05, +1.7347655458e-05,
  -4.3209400767e-06, +1.5355844621e-05, +2.0914122241e-06, -5.7751479725e-06,
  +1.0767234341e-06, -9.6659393016e-06, -7.0686982208e-07, +1.4488066593e-06,
  +3.1134283336e-06, +7.9562529879e-08, -5.6590253863e-07, +1.0500241168e-06,
  +1.9600661704e-06, -2.1666693382e-06, -3.8541359685e-06, +1.0157632247e-06,
  +1.7178343158e-06, -4.1503454190e-07, +3.5627020989e-07, -1.1293871415e-07
C75
  +1.0769995862e-03, -3.1038981976e-04, +6.6928067038e-04, -8.5047933937e-04,
  +5.8086069943e-04, -2.1092370507e-04, +3.1932457305e-05, -1.5649734675e-05,
  +3.5009599764e-05, -4.3592678561e-05, +3.4532461828e-05, -1.1959409788e-05,
  +1.3864594581e-06, +2.7762106484e-05, -3.7435842344e-05, +3.5907822760e-05,
  -1.8698584187e-05, +3.8595339244e-06, -1.6521159259e-05, +2.4141479483e-05,
  -1.4353633048e-05, +2.2863324556e-06, +6.9111322702e-06, -8.7595873154e-06,
  +4.3703680598e-06, -8.0539615540e-07, -3.3052758900e-07, +2.0543094268e-07,
  -1.6784136540e-05, +2.4262468747e-05, -3.4792460974e-05, +3.7470777305e-05,
  -1.7322218612e-05, +3.0927427253e-06, +1.8505765429e-05, -9.5677088156e-06,
  +1.1100834765e-05, -9.8447117844e-06, +2.5909225260e-06, -1.1716606853e-05,
  -2.3678308361e-07, +2.9283346295e-06, -4.8826139200e-07, +7.9279656173e-06,
  -3.4558773655e-06, +3.1655306078e-07, -3.4102187482e-06, +1.2956717783e-06,
  +5.0736766814e-07, +3.0623833435e-06, -5.8484432984e-07, -4.8122251597e-06,
  +4.9263106998e-06, -1.7811974727e-06, -1.1736386731e-06, -5.5699154557e-06,
  +5.4620748834e-06, -1.3544185627e-06, +2.1305028740e-06, +3.9137387080e-07,
  -6.5731104067e-07, -4.6132540037e-07, +7.7618888092e-09, -6.3352916514e-08,
  -3.8088938393e-07, +3.6310188515e-07, +1.6746303780e-08, -3.6527006553e-07,
  -2.7295696237e-07, +2.8695905159e-07, +8.8302421514e-08, -1.1147125423e-07,
  +3.1454099902e-07, +4.2369007180e-09
GWAT
  +1.0134274314e+02, +5.9057834791e+00, -1.2357785933e+04, +7.3674120415e+02,
  -1.4818593643e+02, +5.8025912584e+01, -1.8984384651e+01, +3.0508164649e+00,
  +1.0001569537e+05, -2.7098380518e+02, +1.4550364540e+03, -6.7250778315e+02,
  +3.9796844541e+02, -1.9461831062e+02, +6.3511393664e+01, -9.6310811939e+00,
  -2.5445765420e+03, +7.7615361161e+02, -7.5655838577e+02, +4.9936039082e+02,
  -3.0181538062e+02, +1.2052065490e+02, -2.2289731714e+01, +2.8451777845e+02,
  -1.9651255088e+02, +2.7347966232e+02, -2.3954533065e+02, +1.5219637173e+02,
  -5.5272305234e+01, +8.1706054182e+00, -3.3314675425e+01, +2.8979652629e+01,
  -5.5560406382e+01, +4.8801251859e+01, -2.6374837723e+01, +6.4819066808e+00,
  +4.2026310880e+00, -2.1329008352e+00, +4.3442067192e+00, -1.6630710621e+00,
  -5.4642851147e-01
GSAL0_ORIG
  +5.8128145663e+03, +8.5122673495e+02
GSAL0
  +5.8128145900e+03, +8.5122756397e+02
GSAL1
  +0.0000000000e+00, +0.0000000000e+00, +1.4162764848e+03, +1.6807240831e+02,
  +8.8003135300e+02, -2.2526764926e+02, +9.1426044775e+01, -2.1660324088e+01,
  +2.1301697085e+00, +0.0000000000e+00, -3.3104915404e+03, +7.2911652974e+02,
  -8.6076430378e+02, +6.9424481413e+02, -2.9772874199e+02, +0.0000000000e+00,
  +0.0000000000e+00, +3.8479415298e+02, -3.4395690296e+02, +3.3740953027e+02,
  -2.0488964196e+02, +7.4726141139e+01, +0.0000000000e+00, -9.6532432011e+01,
  +1.2468767112e+02, -1.7831455621e+02, +1.1356169784e+02, -3.6487291900e+01,
  +1.5840817277e+01, -3.1656964386e+01, +4.4204035831e+01, -1.1128273433e+01,
  -2.6248015659e+00, +7.0465880332e+00, -7.9200154721e+00, +0.0000000000e+00,
  +0.0000000000e+00, +0.0000000000e+00, -2.4321466238e+03, -4.9340751014e+02,
  -4.3066467598e+01, -1.0022737086e+01, +8.7560066181e-01, +0.0000000000e+00,
  +1.9945960307e+02, -1.7529204119e+02, +3.8305806600e+02, -4.6031993180e+02,
  +2.3456518761e+02, -5.2294090928e+01, +8.3192392780e+01, -5.4191726252e+01,
  +0.0000000000e+00, +6.8044494273e+01, -2.9483064349e+01, +2.5639848739e+01,
  -3.4125193244e+00, +0.0000000000e+00, +0.0000000000e+00, +2.0258011560e+03,
  +5.4383533300e+02, -6.8557250920e+01, +4.9366769486e+01, -1.7139757742e+01,
  +2.4969700957e+00, -5.4791913353e+01, -2.2668355851e+01, +0.0000000000e+00,
  +0.0000000000e+00, +0.0000000000e+00, -4.0819397891e+00, +0.0000000000e+00,
  +0.0000000000e+00, +0.0000000000e+00, -3.0175511197e+01, +0.0000000000e+00,
  +0.0000000000e+00, +0.0000000000e+00, +0.0000000000e+00, +0.0000000000e+00,
  -1.0916684104e+03, -1.9602830669e+02, +3.6028419561e+01, +3.7460123788e+02,
  +3.6757162300e+01, +0.0000000000e+00, -4.8589106903e+01
